Enter the grid size N (N x N x N):   n   φ(n,n,n)             φ(n,0,0)
 0   2.52510517e-01    2.52510517e-01
 1   4.33578618e-02    8.58438503e-02
 2   2.24308748e-02    4.26688221e-02
 3   1.49988199e-02    2.73246385e-02
 4   1.12253706e-02    2.00683767e-02
 5   8.94780767e-03    1.58805861e-02
 6   7.42500645e-03    1.31442105e-02
 7   6.33550508e-03    1.12098611e-02
 8   5.51754899e-03    9.76756423e-03
 9   4.88093382e-03    8.64982556e-03
10   4.37140448e-03    7.75778398e-03
11   3.95437709e-03    7.02916710e-03
12   3.60676808e-03    6.42274060e-03
13   3.31258227e-03    5.91009344e-03
14   3.06038679e-03    5.47100307e-03
15   2.84179310e-03    5.09067909e-03
16   2.65050715e-03    4.75805180e-03
17   2.48171418e-03    4.46467018e-03
18   2.33166836e-03    4.20397007e-03
19   2.19741174e-03    3.97077500e-03
20   2.07657751e-03    3.76094761e-03
21   1.96724938e-03    3.57114124e-03
22   1.86785922e-03    3.39861952e-03
23   1.77711149e-03    3.24112327e-03
24   1.69392645e-03    3.09677077e-03
25   1.61739702e-03    2.96398204e-03
26   1.54675563e-03    2.84142070e-03
27   1.48134837e-03    2.72794871e-03
28   1.42061469e-03    2.62259092e-03
29   1.36407136e-03    2.52450688e-03
30   1.31129955e-03    2.43296838e-03
31   1.26193443e-03    2.34734131e-03
32   1.21565680e-03    2.26707092e-03
33   1.17218611e-03    2.19166980e-03
34   1.13127482e-03    2.12070795e-03
35   1.09270368e-03    2.05380454e-03
36   1.05627778e-03    1.99062113e-03
37   1.02182329e-03    1.93085589e-03
38   9.89184660e-04    1.87423878e-03
39   9.58222304e-04    1.82052752e-03
40   9.28810585e-04    1.76950403e-03
41   9.00836123e-04    1.72097155e-03
42   8.74196333e-04    1.67475207e-03
43   8.48798173e-04    1.63068415e-03
44   8.24557055e-04    1.58862104e-03
45   8.01395912e-04    1.54842902e-03
46   7.79244375e-04    1.50998605e-03
47   7.58038064e-04    1.47318043e-03
48   7.37717963e-04    1.43790981e-03
49   7.18229873e-04    1.40408020e-03
50   6.99523929e-04    1.37160511e-03
51   6.81554179e-04    1.34040485e-03
52   6.64278204e-04    1.31040587e-03
53   6.47656784e-04    1.28154016e-03
54   6.31653606e-04    1.25374475e-03
55   6.16234998e-04    1.22696128e-03
56   6.01369691e-04    1.20113551e-03
57   5.87028610e-04    1.17621706e-03
58   5.73184687e-04    1.15215899e-03
59   5.59812687e-04    1.12891755e-03
60   5.46889058e-04    1.10645193e-03
61   5.34391790e-04    1.08472396e-03
62   5.22300296e-04    1.06369797e-03
63   5.10595293e-04    1.04334054e-03
64   4.99258704e-04    1.02362032e-03
65   4.88273566e-04    1.00450793e-03
66   4.77623941e-04    9.85975737e-04
67   4.67294844e-04    9.67997774e-04
68   4.57272171e-04    9.50549600e-04
69   4.47542634e-04    9.33608188e-04
70   4.38093707e-04    9.17151831e-04
71   4.28913566e-04    9.01160043e-04
72   4.19991048e-04    8.85613477e-04
73   4.11315597e-04    8.70493846e-04
74   4.02877230e-04    8.55783853e-04
75   3.94666496e-04    8.41467122e-04
76   3.86674441e-04    8.27528141e-04
77   3.78892576e-04    8.13952202e-04
78   3.71312847e-04    8.00725352e-04
79   3.63927608e-04    7.87834347e-04
80   3.56729595e-04    7.75266602e-04
81   3.49711901e-04    7.63010155e-04
82   3.42867959e-04    7.51053628e-04
83   3.36191516e-04    7.39386192e-04
84   3.29676617e-04    7.27997532e-04
85   3.23317588e-04    7.16877820e-04
86   3.17109016e-04    7.06017684e-04
87   3.11045741e-04    6.95408185e-04
88   3.05122834e-04    6.85040788e-04
89   2.99335589e-04    6.74907343e-04
90   2.93679507e-04    6.65000062e-04
91   2.88150290e-04    6.55311501e-04
92   2.82743824e-04    6.45834536e-04
93   2.77456173e-04    6.36562354e-04
94   2.72283567e-04    6.27488428e-04
95   2.67222397e-04    6.18606508e-04
96   2.62269201e-04    6.09910604e-04
97   2.57420663e-04    6.01394974e-04
98   2.52673600e-04    5.93054109e-04
99   2.48024958e-04    5.84882724e-04
100   2.43471805e-04    5.76875743e-04
101   2.39011326e-04    5.69028294e-04
102   2.34640814e-04    5.61335694e-04
103   2.30357669e-04    5.53793444e-04
104   2.26159390e-04    5.46397216e-04
105   2.22043571e-04    5.39142848e-04
106   2.18007898e-04    5.32026335e-04
107   2.14050141e-04    5.25043821e-04
108   2.10168155e-04    5.18191595e-04
109   2.06359871e-04    5.11466079e-04
110   2.02623298e-04    5.04863828e-04
111   1.98956513e-04    4.98381519e-04
112   1.95357666e-04    4.92015950e-04
113   1.91824968e-04    4.85764031e-04
114   1.88356696e-04    4.79622780e-04
115   1.84951185e-04    4.73589319e-04
116   1.81606827e-04    4.67660871e-04
117   1.78322070e-04    4.61834752e-04
118   1.75095413e-04    4.56108370e-04
119   1.71925408e-04    4.50479218e-04
120   1.68810653e-04    4.44944877e-04
121   1.65749792e-04    4.39503004e-04
122   1.62741514e-04    4.34151334e-04
123   1.59784551e-04    4.28887677e-04
124   1.56877676e-04    4.23709912e-04
125   1.54019698e-04    4.18615986e-04
126   1.51209468e-04    4.13603913e-04
127   1.48445870e-04    4.08671768e-04
128   1.45727825e-04    4.03817685e-04
129   1.43054286e-04    3.99039859e-04
130   1.40424237e-04    3.94336539e-04
131   1.37836696e-04    3.89706027e-04
132   1.35290708e-04    3.85146677e-04
133   1.32785347e-04    3.80656892e-04
134   1.30319715e-04    3.76235124e-04
135   1.27892941e-04    3.71879870e-04
136   1.25504178e-04    3.67589671e-04
137   1.23152606e-04    3.63363111e-04
138   1.20837426e-04    3.59198815e-04
139   1.18557863e-04    3.55095447e-04
140   1.16313164e-04    3.51051711e-04
141   1.14102598e-04    3.47066347e-04
142   1.11925453e-04    3.43138128e-04
143   1.09781038e-04    3.39265865e-04
144   1.07668681e-04    3.35448401e-04
145   1.05587727e-04    3.31684609e-04
146   1.03537540e-04    3.27973396e-04
147   1.01517502e-04    3.24313696e-04
148   9.95270101e-05    3.20704473e-04
149   9.75654777e-05    3.17144720e-04
150   9.56323344e-05    3.13633454e-04
151   9.37270242e-05    3.10169721e-04
152   9.18490060e-05    3.06752591e-04
153   8.99977524e-05    3.03381158e-04
154   8.81727499e-05    3.00054540e-04
155   8.63734979e-05    2.96771877e-04
156   8.45995087e-05    2.93532332e-04
157   8.28503067e-05    2.90335089e-04
158   8.11254283e-05    2.87179354e-04
159   7.94244217e-05    2.84064350e-04
160   7.77468460e-05    2.80989322e-04
161   7.60922712e-05    2.77953532e-04
162   7.44602778e-05    2.74956263e-04
163   7.28504566e-05    2.71996813e-04
164   7.12624081e-05    2.69074498e-04
165   6.96957425e-05    2.66188650e-04
166   6.81500793e-05    2.63338619e-04
167   6.66250469e-05    2.60523768e-04
168   6.51202825e-05    2.57743478e-04
169   6.36354318e-05    2.54997142e-04
170   6.21701488e-05    2.52284169e-04
171   6.07240952e-05    2.49603982e-04
172   5.92969409e-05    2.46956015e-04
173   5.78883629e-05    2.44339719e-04
174   5.64980458e-05    2.41754554e-04
175   5.51256813e-05    2.39199995e-04
176   5.37709677e-05    2.36675528e-04
177   5.24336105e-05    2.34180650e-04
178   5.11133214e-05    2.31714870e-04
179   4.98098184e-05    2.29277707e-04
180   4.85228259e-05    2.26868694e-04
181   4.72520741e-05    2.24487370e-04
182   4.59972992e-05    2.22133286e-04
183   4.47582429e-05    2.19806004e-04
184   4.35346525e-05    2.17505094e-04
185   4.23262807e-05    2.15230136e-04
186   4.11328853e-05    2.12980719e-04
187   3.99542294e-05    2.10756441e-04
188   3.87900808e-05    2.08556907e-04
189   3.76402124e-05    2.06381733e-04
190   3.65044015e-05    2.04230541e-04
191   3.53824302e-05    2.02102963e-04
192   3.42740849e-05    1.99998636e-04
193   3.31791565e-05    1.97917206e-04
194   3.20974399e-05    1.95858328e-04
195   3.10287343e-05    1.93821661e-04
196   2.99728428e-05    1.91806872e-04
197   2.89295726e-05    1.89813636e-04
198   2.78987344e-05    1.87841634e-04
199   2.68801430e-05    1.85890553e-04
200   2.58736164e-05    1.83960087e-04
201   2.48789765e-05    1.82049934e-04
202   2.38960485e-05    1.80159801e-04
203   2.29246609e-05    1.78289400e-04
204   2.19646456e-05    1.76438447e-04
205   2.10158377e-05    1.74606665e-04
206   2.00780752e-05    1.72793782e-04
207   1.91511995e-05    1.70999531e-04
208   1.82350547e-05    1.69223652e-04
209   1.73294879e-05    1.67465888e-04
210   1.64343491e-05    1.65725986e-04
211   1.55494910e-05    1.64003701e-04
212   1.46747689e-05    1.62298791e-04
213   1.38100411e-05    1.60611017e-04
214   1.29551680e-05    1.58940148e-04
215   1.21100129e-05    1.57285954e-04
216   1.12744413e-05    1.55648211e-04
217   1.04483214e-05    1.54026698e-04
218   9.63152344e-06    1.52421201e-04
219   8.82392017e-06    1.50831506e-04
220   8.02538650e-06    1.49257405e-04
221   7.23579957e-06    1.47698694e-04
222   6.45503863e-06    1.46155172e-04
223   5.68298508e-06    1.44626642e-04
224   4.91952233e-06    1.43112911e-04
225   4.16453583e-06    1.41613787e-04
226   3.41791298e-06    1.40129086e-04
227   2.67954311e-06    1.38658622e-04
228   1.94931742e-06    1.37202217e-04
229   1.22712895e-06    1.35759693e-04
230   5.12872569e-07    1.34330875e-04
231  -1.93555128e-07    1.32915595e-04
232  -8.92255802e-07    1.31513683e-04
233  -1.58332943e-06    1.30124974e-04
234  -2.26687433e-06    1.28749307e-04
235  -2.94298721e-06    1.27386523e-04
236  -3.61176319e-06    1.26036464e-04
237  -4.27329584e-06    1.24698977e-04
238  -4.92767720e-06    1.23373911e-04
239  -5.57499783e-06    1.22061116e-04
240  -6.21534684e-06    1.20760447e-04
241  -6.84881188e-06    1.19471760e-04
242  -7.47547924e-06    1.18194913e-04
243  -8.09543380e-06    1.16929768e-04
244  -8.70875914e-06    1.15676188e-04
245  -9.31553747e-06    1.14434039e-04
246  -9.91584976e-06    1.13203187e-04
247  -1.05097757e-05    1.11983505e-04
248  -1.10973936e-05    1.10774862e-04
249  -1.16787809e-05    1.09577134e-04
250  -1.22540135e-05    1.08390197e-04
251  -1.28231662e-05    1.07213928e-04
252  -1.33863129e-05    1.06048209e-04
253  -1.39435260e-05    1.04892922e-04
254  -1.44948771e-05    1.03747949e-04
255  -1.50404365e-05    1.02613178e-04
256  -1.55802736e-05    1.01488496e-04
257  -1.61144566e-05    1.00373793e-04
258  -1.66430529e-05    9.92689583e-05
259  -1.71661288e-05    9.81738866e-05
260  -1.76837494e-05    9.70884719e-05
261  -1.81959791e-05    9.60126105e-05
262  -1.87028813e-05    9.49462003e-05
263  -1.92045184e-05    9.38891406e-05
264  -1.97009519e-05    9.28413326e-05
265  -2.01922424e-05    9.18026786e-05
266  -2.06784497e-05    9.07730828e-05
267  -2.11596326e-05    8.97524506e-05
268  -2.16358492e-05    8.87406890e-05
269  -2.21071566e-05    8.77377062e-05
270  -2.25736112e-05    8.67434120e-05
271  -2.30352686e-05    8.57577176e-05
272  -2.34921834e-05    8.47805353e-05
273  -2.39444097e-05    8.38117790e-05
274  -2.43920008e-05    8.28513636e-05
275  -2.48350090e-05    8.18992055e-05
276  -2.52734860e-05    8.09552222e-05
277  -2.57074830e-05    8.00193325e-05
278  -2.61370501e-05    7.90914565e-05
279  -2.65622369e-05    7.81715152e-05
280  -2.69830924e-05    7.72594310e-05
281  -2.73996647e-05    7.63551273e-05
282  -2.78120014e-05    7.54585288e-05
283  -2.82201494e-05    7.45695611e-05
284  -2.86241548e-05    7.36881509e-05
285  -2.90240634e-05    7.28142262e-05
286  -2.94199201e-05    7.19477157e-05
287  -2.98117693e-05    7.10885493e-05
288  -3.01996547e-05    7.02366579e-05
289  -3.05836194e-05    6.93919735e-05
290  -3.09637062e-05    6.85544288e-05
291  -3.13399569e-05    6.77239577e-05
292  -3.17124130e-05    6.69004950e-05
293  -3.20811154e-05    6.60839763e-05
294  -3.24461045e-05    6.52743382e-05
295  -3.28074199e-05    6.44715182e-05
296  -3.31651011e-05    6.36754546e-05
297  -3.35191866e-05    6.28860867e-05
298  -3.38697148e-05    6.21033546e-05
299  -3.42167234e-05    6.13271991e-05
300  -3.45602495e-05    6.05575620e-05
301  -3.49003298e-05    5.97943859e-05
302  -3.52370007e-05    5.90376141e-05
303  -3.55702979e-05    5.82871907e-05
304  -3.59002566e-05    5.75430605e-05
305  -3.62269116e-05    5.68051694e-05
306  -3.65502975e-05    5.60734635e-05
307  -3.68704479e-05    5.53478902e-05
308  -3.71873965e-05    5.46283971e-05
309  -3.75011763e-05    5.39149330e-05
310  -3.78118199e-05    5.32074470e-05
311  -3.81193594e-05    5.25058891e-05
312  -3.84238266e-05    5.18102099e-05
313  -3.87252529e-05    5.11203607e-05
314  -3.90236692e-05    5.04362935e-05
315  -3.93191061e-05    4.97579609e-05
316  -3.96115937e-05    4.90853161e-05
317  -3.99011617e-05    4.84183129e-05
318  -4.01878396e-05    4.77569059e-05
319  -4.04716564e-05    4.71010500e-05
320  -4.07526407e-05    4.64507011e-05
321  -4.10308207e-05    4.58058154e-05
322  -4.13062244e-05    4.51663497e-05
323  -4.15788792e-05    4.45322614e-05
324  -4.18488124e-05    4.39035086e-05
325  -4.21160509e-05    4.32800497e-05
326  -4.23806210e-05    4.26618439e-05
327  -4.26425490e-05    4.20488508e-05
328  -4.29018606e-05    4.14410305e-05
329  -4.31585815e-05    4.08383437e-05
330  -4.34127367e-05    4.02407516e-05
331  -4.36643511e-05    3.96482160e-05
332  -4.39134492e-05    3.90606989e-05
333  -4.41600553e-05    3.84781632e-05
334  -4.44041932e-05    3.79005719e-05
335  -4.46458866e-05    3.73278887e-05
336  -4.48851588e-05    3.67600778e-05
337  -4.51220327e-05    3.61971037e-05
338  -4.53565311e-05    3.56389315e-05
339  -4.55886765e-05    3.50855268e-05
340  -4.58184909e-05    3.45368553e-05
341  -4.60459963e-05    3.39928836e-05
342  -4.62712141e-05    3.34535784e-05
343  -4.64941658e-05    3.29189070e-05
344  -4.67148723e-05    3.23888371e-05
345  -4.69333545e-05    3.18633367e-05
346  -4.71496328e-05    3.13423743e-05
347  -4.73637275e-05    3.08259188e-05
348  -4.75756585e-05    3.03139395e-05
349  -4.77854457e-05    2.98064062e-05
350  -4.79931084e-05    2.93032888e-05
351  -4.81986659e-05    2.88045578e-05
352  -4.84021373e-05    2.83101840e-05
353  -4.86035411e-05    2.78201387e-05
354  -4.88028961e-05    2.73343935e-05
355  -4.90002204e-05    2.68529202e-05
356  -4.91955320e-05    2.63756911e-05
357  -4.93888488e-05    2.59026789e-05
358  -4.95801883e-05    2.54338566e-05
359  -4.97695680e-05    2.49691975e-05
360  -4.99570048e-05    2.45086753e-05
361  -5.01425159e-05    2.40522640e-05
362  -5.03261177e-05    2.35999379e-05
363  -5.05078268e-05    2.31516717e-05
364  -5.06876596e-05    2.27074403e-05
365  -5.08656319e-05    2.22672191e-05
366  -5.10417597e-05    2.18309838e-05
367  -5.12160587e-05    2.13987101e-05
368  -5.13885442e-05    2.09703744e-05
369  -5.15592315e-05    2.05459532e-05
370  -5.17281357e-05    2.01254232e-05
371  -5.18952715e-05    1.97087618e-05
372  -5.20606537e-05    1.92959461e-05
373  -5.22242967e-05    1.88869541e-05
374  -5.23862148e-05    1.84817635e-05
375  -5.25464220e-05    1.80803528e-05
376  -5.27049324e-05    1.76827005e-05
377  -5.28617595e-05    1.72887853e-05
378  -5.30169169e-05    1.68985865e-05
379  -5.31704181e-05    1.65120832e-05
380  -5.33222761e-05    1.61292552e-05
381  -5.34725040e-05    1.57500823e-05
382  -5.36211146e-05    1.53745446e-05
383  -5.37681206e-05    1.50026227e-05
384  -5.39135344e-05    1.46342970e-05
385  -5.40573685e-05    1.42695485e-05
386  -5.41996350e-05    1.39083583e-05
387  -5.43403458e-05    1.35507079e-05
388  -5.44795129e-05    1.31965788e-05
389  -5.46171478e-05    1.28459529e-05
390  -5.47532622e-05    1.24988123e-05
391  -5.48878673e-05    1.21551393e-05
392  -5.50209745e-05    1.18149165e-05
393  -5.51525947e-05    1.14781266e-05
394  -5.52827389e-05    1.11447527e-05
395  -5.54114178e-05    1.08147780e-05
396  -5.55386420e-05    1.04881859e-05
397  -5.56644220e-05    1.01649602e-05
398  -5.57887681e-05    9.84508465e-06
399  -5.59116905e-05    9.52854340e-06
400  -5.60331992e-05    9.21532074e-06
401  -5.61533041e-05    8.90540118e-06
402  -5.62720150e-05    8.59876946e-06
403  -5.63893415e-05    8.29541049e-06
404  -5.65052930e-05    7.99530939e-06
405  -5.66198790e-05    7.69845149e-06
406  -5.67331085e-05    7.40482231e-06
407  -5.68449908e-05    7.11440757e-06
408  -5.69555347e-05    6.82719317e-06
409  -5.70647491e-05    6.54316523e-06
410  -5.71726427e-05    6.26231002e-06
411  -5.72792240e-05    5.98461404e-06
412  -5.73845015e-05    5.71006394e-06
413  -5.74884835e-05    5.43864658e-06
414  -5.75911782e-05    5.17034898e-06
415  -5.76925936e-05    4.90515837e-06
416  -5.77927378e-05    4.64306212e-06
417  -5.78916186e-05    4.38404781e-06
418  -5.79892436e-05    4.12810318e-06
419  -5.80856206e-05    3.87521615e-06
420  -5.81807569e-05    3.62537480e-06
421  -5.82746600e-05    3.37856740e-06
422  -5.83673371e-05    3.13478238e-06
423  -5.84587953e-05    2.89400833e-06
424  -5.85490418e-05    2.65623401e-06
425  -5.86380834e-05    2.42144835e-06
426  -5.87259269e-05    2.18964044e-06
427  -5.88125791e-05    1.96079954e-06
428  -5.88980466e-05    1.73491504e-06
429  -5.89823359e-05    1.51197652e-06
430  -5.90654533e-05    1.29197372e-06
431  -5.91474052e-05    1.07489651e-06
432  -5.92281978e-05    8.60734925e-07
433  -5.93078371e-05    6.49479166e-07
434  -5.93863292e-05    4.41119575e-07
435  -5.94636799e-05    2.35646644e-07
436  -5.95398950e-05    3.30510205e-08
437  -5.96149802e-05   -1.66676504e-07
438  -5.96889411e-05   -3.63544987e-07
439  -5.97617833e-05   -5.57563344e-07
440  -5.98335121e-05   -7.48740341e-07
441  -5.99041328e-05   -9.37084603e-07
442  -5.99736507e-05   -1.12260461e-06
443  -6.00420709e-05   -1.30530870e-06
444  -6.01093984e-05   -1.48520508e-06
445  -6.01756382e-05   -1.66230180e-06
446  -6.02407950e-05   -1.83660678e-06
447  -6.03048738e-05   -2.00812780e-06
448  -6.03678792e-05   -2.17687252e-06
449  -6.04298157e-05   -2.34284843e-06
450  -6.04906879e-05   -2.50606292e-06
451  -6.05505001e-05   -2.66652322e-06
452  -6.06092568e-05   -2.82423645e-06
453  -6.06669621e-05   -2.97920958e-06
454  -6.07236203e-05   -3.13144944e-06
455  -6.07792354e-05   -3.28096276e-06
456  -6.08338114e-05   -3.42775613e-06
457  -6.08873522e-05   -3.57183598e-06
458  -6.09398616e-05   -3.71320866e-06
459  -6.09913435e-05   -3.85188036e-06
460  -6.10418015e-05   -3.98785715e-06
461  -6.10912391e-05   -4.12114499e-06
462  -6.11396600e-05   -4.25174969e-06
463  -6.11870675e-05   -4.37967695e-06
464  -6.12334650e-05   -4.50493235e-06
465  -6.12788558e-05   -4.62752133e-06
466  -6.13232431e-05   -4.74744923e-06
467  -6.13666300e-05   -4.86472125e-06
468  -6.14090196e-05   -4.97934248e-06
469  -6.14504148e-05   -5.09131788e-06
470  -6.14908186e-05   -5.20065230e-06
471  -6.15302339e-05   -5.30735047e-06
472  -6.15686633e-05   -5.41141699e-06
473  -6.16061095e-05   -5.51285635e-06
474  -6.16425753e-05   -5.61167293e-06
475  -6.16780630e-05   -5.70787097e-06
476  -6.17125752e-05   -5.80145462e-06
477  -6.17461143e-05   -5.89242790e-06
478  -6.17786827e-05   -5.98079471e-06
479  -6.18102825e-05   -6.06655885e-06
480  -6.18409160e-05   -6.14972399e-06
481  -6.18705852e-05   -6.23029369e-06
482  -6.18992923e-05   -6.30827140e-06
483  -6.19270392e-05   -6.38366046e-06
484  -6.19538279e-05   -6.45646408e-06
485  -6.19796602e-05   -6.52668538e-06
486  -6.20045378e-05   -6.59432736e-06
487  -6.20284624e-05   -6.65939288e-06
488  -6.20514358e-05   -6.72188474e-06
489  -6.20734595e-05   -6.78180559e-06
490  -6.20945350e-05   -6.83915798e-06
491  -6.21146638e-05   -6.89394434e-06
492  -6.21338472e-05   -6.94616702e-06
493  -6.21520865e-05   -6.99582823e-06
494  -6.21693830e-05   -7.04293007e-06
495  -6.21857379e-05   -7.08747456e-06
496  -6.22011523e-05   -7.12946357e-06
497  -6.22156272e-05   -7.16889889e-06
498  -6.22291637e-05   -7.20578219e-06
499  -6.22417626e-05   -7.24011504e-06
500  -6.22534248e-05   -7.27189888e-06
501  -6.22641511e-05   -7.30113507e-06
502  -6.22739423e-05   -7.32782484e-06
503  -6.22827989e-05   -7.35196933e-06
504  -6.22907217e-05   -7.37356955e-06
505  -6.22977111e-05   -7.39262641e-06
506  -6.23037676e-05   -7.40914074e-06
507  -6.23088917e-05   -7.42311321e-06
508  -6.23130836e-05   -7.43454444e-06
509  -6.23163437e-05   -7.44343488e-06
510  -6.23186722e-05   -7.44978494e-06
511  -6.23200692e-05   -7.45359486e-06
512  -6.23205349e-05   -7.45486482e-06
513  -6.23200692e-05   -7.45359486e-06
514  -6.23186722e-05   -7.44978494e-06
515  -6.23163437e-05   -7.44343488e-06
516  -6.23130836e-05   -7.43454444e-06
517  -6.23088917e-05   -7.42311321e-06
518  -6.23037676e-05   -7.40914074e-06
519  -6.22977111e-05   -7.39262641e-06
520  -6.22907217e-05   -7.37356955e-06
521  -6.22827989e-05   -7.35196933e-06
522  -6.22739423e-05   -7.32782484e-06
523  -6.22641511e-05   -7.30113507e-06
524  -6.22534248e-05   -7.27189888e-06
525  -6.22417626e-05   -7.24011504e-06
526  -6.22291637e-05   -7.20578219e-06
527  -6.22156272e-05   -7.16889889e-06
528  -6.22011523e-05   -7.12946357e-06
529  -6.21857379e-05   -7.08747456e-06
530  -6.21693830e-05   -7.04293007e-06
531  -6.21520865e-05   -6.99582823e-06
532  -6.21338472e-05   -6.94616702e-06
533  -6.21146638e-05   -6.89394434e-06
534  -6.20945350e-05   -6.83915798e-06
535  -6.20734595e-05   -6.78180559e-06
536  -6.20514358e-05   -6.72188474e-06
537  -6.20284624e-05   -6.65939288e-06
538  -6.20045378e-05   -6.59432736e-06
539  -6.19796602e-05   -6.52668538e-06
540  -6.19538279e-05   -6.45646408e-06
541  -6.19270392e-05   -6.38366046e-06
542  -6.18992923e-05   -6.30827140e-06
543  -6.18705852e-05   -6.23029369e-06
544  -6.18409160e-05   -6.14972399e-06
545  -6.18102825e-05   -6.06655885e-06
546  -6.17786827e-05   -5.98079471e-06
547  -6.17461143e-05   -5.89242790e-06
548  -6.17125752e-05   -5.80145462e-06
549  -6.16780630e-05   -5.70787097e-06
550  -6.16425753e-05   -5.61167293e-06
551  -6.16061095e-05   -5.51285635e-06
552  -6.15686633e-05   -5.41141699e-06
553  -6.15302339e-05   -5.30735047e-06
554  -6.14908186e-05   -5.20065230e-06
555  -6.14504148e-05   -5.09131788e-06
556  -6.14090196e-05   -4.97934248e-06
557  -6.13666300e-05   -4.86472125e-06
558  -6.13232431e-05   -4.74744923e-06
559  -6.12788558e-05   -4.62752133e-06
560  -6.12334650e-05   -4.50493235e-06
561  -6.11870675e-05   -4.37967695e-06
562  -6.11396600e-05   -4.25174969e-06
563  -6.10912391e-05   -4.12114499e-06
564  -6.10418015e-05   -3.98785715e-06
565  -6.09913435e-05   -3.85188036e-06
566  -6.09398616e-05   -3.71320866e-06
567  -6.08873522e-05   -3.57183598e-06
568  -6.08338114e-05   -3.42775613e-06
569  -6.07792354e-05   -3.28096276e-06
570  -6.07236203e-05   -3.13144944e-06
571  -6.06669621e-05   -2.97920958e-06
572  -6.06092568e-05   -2.82423645e-06
573  -6.05505001e-05   -2.66652322e-06
574  -6.04906879e-05   -2.50606292e-06
575  -6.04298157e-05   -2.34284843e-06
576  -6.03678792e-05   -2.17687252e-06
577  -6.03048738e-05   -2.00812780e-06
578  -6.02407950e-05   -1.83660678e-06
579  -6.01756382e-05   -1.66230180e-06
580  -6.01093984e-05   -1.48520508e-06
581  -6.00420709e-05   -1.30530870e-06
582  -5.99736507e-05   -1.12260461e-06
583  -5.99041328e-05   -9.37084603e-07
584  -5.98335121e-05   -7.48740341e-07
585  -5.97617833e-05   -5.57563344e-07
586  -5.96889411e-05   -3.63544987e-07
587  -5.96149802e-05   -1.66676504e-07
588  -5.95398950e-05    3.30510205e-08
589  -5.94636799e-05    2.35646644e-07
590  -5.93863292e-05    4.41119575e-07
591  -5.93078371e-05    6.49479166e-07
592  -5.92281978e-05    8.60734925e-07
593  -5.91474052e-05    1.07489651e-06
594  -5.90654533e-05    1.29197372e-06
595  -5.89823359e-05    1.51197652e-06
596  -5.88980466e-05    1.73491504e-06
597  -5.88125791e-05    1.96079954e-06
598  -5.87259269e-05    2.18964044e-06
599  -5.86380834e-05    2.42144835e-06
600  -5.85490418e-05    2.65623401e-06
601  -5.84587953e-05    2.89400833e-06
602  -5.83673371e-05    3.13478238e-06
603  -5.82746600e-05    3.37856740e-06
604  -5.81807569e-05    3.62537480e-06
605  -5.80856206e-05    3.87521615e-06
606  -5.79892436e-05    4.12810318e-06
607  -5.78916186e-05    4.38404781e-06
608  -5.77927378e-05    4.64306212e-06
609  -5.76925936e-05    4.90515837e-06
610  -5.75911782e-05    5.17034898e-06
611  -5.74884835e-05    5.43864658e-06
612  -5.73845015e-05    5.71006394e-06
613  -5.72792240e-05    5.98461404e-06
614  -5.71726427e-05    6.26231002e-06
615  -5.70647491e-05    6.54316523e-06
616  -5.69555347e-05    6.82719317e-06
617  -5.68449908e-05    7.11440757e-06
618  -5.67331085e-05    7.40482231e-06
619  -5.66198790e-05    7.69845149e-06
620  -5.65052930e-05    7.99530939e-06
621  -5.63893415e-05    8.29541049e-06
622  -5.62720150e-05    8.59876946e-06
623  -5.61533041e-05    8.90540118e-06
624  -5.60331992e-05    9.21532074e-06
625  -5.59116905e-05    9.52854340e-06
626  -5.57887681e-05    9.84508465e-06
627  -5.56644220e-05    1.01649602e-05
628  -5.55386420e-05    1.04881859e-05
629  -5.54114178e-05    1.08147780e-05
630  -5.52827389e-05    1.11447527e-05
631  -5.51525947e-05    1.14781266e-05
632  -5.50209745e-05    1.18149165e-05
633  -5.48878673e-05    1.21551393e-05
634  -5.47532622e-05    1.24988123e-05
635  -5.46171478e-05    1.28459529e-05
636  -5.44795129e-05    1.31965788e-05
637  -5.43403458e-05    1.35507079e-05
638  -5.41996350e-05    1.39083583e-05
639  -5.40573685e-05    1.42695485e-05
640  -5.39135344e-05    1.46342970e-05
641  -5.37681206e-05    1.50026227e-05
642  -5.36211146e-05    1.53745446e-05
643  -5.34725040e-05    1.57500823e-05
644  -5.33222761e-05    1.61292552e-05
645  -5.31704181e-05    1.65120832e-05
646  -5.30169169e-05    1.68985865e-05
647  -5.28617595e-05    1.72887853e-05
648  -5.27049324e-05    1.76827005e-05
649  -5.25464220e-05    1.80803528e-05
650  -5.23862148e-05    1.84817635e-05
651  -5.22242967e-05    1.88869541e-05
652  -5.20606537e-05    1.92959461e-05
653  -5.18952715e-05    1.97087618e-05
654  -5.17281357e-05    2.01254232e-05
655  -5.15592315e-05    2.05459532e-05
656  -5.13885442e-05    2.09703744e-05
657  -5.12160587e-05    2.13987101e-05
658  -5.10417597e-05    2.18309838e-05
659  -5.08656319e-05    2.22672191e-05
660  -5.06876596e-05    2.27074403e-05
661  -5.05078268e-05    2.31516717e-05
662  -5.03261177e-05    2.35999379e-05
663  -5.01425159e-05    2.40522640e-05
664  -4.99570048e-05    2.45086753e-05
665  -4.97695680e-05    2.49691975e-05
666  -4.95801883e-05    2.54338566e-05
667  -4.93888488e-05    2.59026789e-05
668  -4.91955320e-05    2.63756911e-05
669  -4.90002204e-05    2.68529202e-05
670  -4.88028961e-05    2.73343935e-05
671  -4.86035411e-05    2.78201387e-05
672  -4.84021373e-05    2.83101840e-05
673  -4.81986659e-05    2.88045578e-05
674  -4.79931084e-05    2.93032888e-05
675  -4.77854457e-05    2.98064062e-05
676  -4.75756585e-05    3.03139395e-05
677  -4.73637275e-05    3.08259188e-05
678  -4.71496328e-05    3.13423743e-05
679  -4.69333545e-05    3.18633367e-05
680  -4.67148723e-05    3.23888371e-05
681  -4.64941658e-05    3.29189070e-05
682  -4.62712141e-05    3.34535784e-05
683  -4.60459963e-05    3.39928836e-05
684  -4.58184909e-05    3.45368553e-05
685  -4.55886765e-05    3.50855268e-05
686  -4.53565311e-05    3.56389315e-05
687  -4.51220327e-05    3.61971037e-05
688  -4.48851588e-05    3.67600778e-05
689  -4.46458866e-05    3.73278887e-05
690  -4.44041932e-05    3.79005719e-05
691  -4.41600553e-05    3.84781632e-05
692  -4.39134492e-05    3.90606989e-05
693  -4.36643511e-05    3.96482160e-05
694  -4.34127367e-05    4.02407516e-05
695  -4.31585815e-05    4.08383437e-05
696  -4.29018606e-05    4.14410305e-05
697  -4.26425490e-05    4.20488508e-05
698  -4.23806210e-05    4.26618439e-05
699  -4.21160509e-05    4.32800497e-05
700  -4.18488124e-05    4.39035086e-05
701  -4.15788792e-05    4.45322614e-05
702  -4.13062244e-05    4.51663497e-05
703  -4.10308207e-05    4.58058154e-05
704  -4.07526407e-05    4.64507011e-05
705  -4.04716564e-05    4.71010500e-05
706  -4.01878396e-05    4.77569059e-05
707  -3.99011617e-05    4.84183129e-05
708  -3.96115937e-05    4.90853161e-05
709  -3.93191061e-05    4.97579609e-05
710  -3.90236692e-05    5.04362935e-05
711  -3.87252529e-05    5.11203607e-05
712  -3.84238266e-05    5.18102099e-05
713  -3.81193594e-05    5.25058891e-05
714  -3.78118199e-05    5.32074470e-05
715  -3.75011763e-05    5.39149330e-05
716  -3.71873965e-05    5.46283971e-05
717  -3.68704479e-05    5.53478902e-05
718  -3.65502975e-05    5.60734635e-05
719  -3.62269116e-05    5.68051694e-05
720  -3.59002566e-05    5.75430605e-05
721  -3.55702979e-05    5.82871907e-05
722  -3.52370007e-05    5.90376141e-05
723  -3.49003298e-05    5.97943859e-05
724  -3.45602495e-05    6.05575620e-05
725  -3.42167234e-05    6.13271991e-05
726  -3.38697148e-05    6.21033546e-05
727  -3.35191866e-05    6.28860867e-05
728  -3.31651011e-05    6.36754546e-05
729  -3.28074199e-05    6.44715182e-05
730  -3.24461045e-05    6.52743382e-05
731  -3.20811154e-05    6.60839763e-05
732  -3.17124130e-05    6.69004950e-05
733  -3.13399569e-05    6.77239577e-05
734  -3.09637062e-05    6.85544288e-05
735  -3.05836194e-05    6.93919735e-05
736  -3.01996547e-05    7.02366579e-05
737  -2.98117693e-05    7.10885493e-05
738  -2.94199201e-05    7.19477157e-05
739  -2.90240634e-05    7.28142262e-05
740  -2.86241548e-05    7.36881509e-05
741  -2.82201494e-05    7.45695611e-05
742  -2.78120014e-05    7.54585288e-05
743  -2.73996647e-05    7.63551273e-05
744  -2.69830924e-05    7.72594310e-05
745  -2.65622369e-05    7.81715152e-05
746  -2.61370501e-05    7.90914565e-05
747  -2.57074830e-05    8.00193325e-05
748  -2.52734860e-05    8.09552222e-05
749  -2.48350090e-05    8.18992055e-05
750  -2.43920008e-05    8.28513636e-05
751  -2.39444097e-05    8.38117790e-05
752  -2.34921834e-05    8.47805353e-05
753  -2.30352686e-05    8.57577176e-05
754  -2.25736112e-05    8.67434120e-05
755  -2.21071566e-05    8.77377062e-05
756  -2.16358492e-05    8.87406890e-05
757  -2.11596326e-05    8.97524506e-05
758  -2.06784497e-05    9.07730828e-05
759  -2.01922424e-05    9.18026786e-05
760  -1.97009519e-05    9.28413326e-05
761  -1.92045184e-05    9.38891406e-05
762  -1.87028813e-05    9.49462003e-05
763  -1.81959791e-05    9.60126105e-05
764  -1.76837494e-05    9.70884719e-05
765  -1.71661288e-05    9.81738866e-05
766  -1.66430529e-05    9.92689583e-05
767  -1.61144566e-05    1.00373793e-04
768  -1.55802736e-05    1.01488496e-04
769  -1.50404365e-05    1.02613178e-04
770  -1.44948771e-05    1.03747949e-04
771  -1.39435260e-05    1.04892922e-04
772  -1.33863129e-05    1.06048209e-04
773  -1.28231662e-05    1.07213928e-04
774  -1.22540135e-05    1.08390197e-04
775  -1.16787809e-05    1.09577134e-04
776  -1.10973936e-05    1.10774862e-04
777  -1.05097757e-05    1.11983505e-04
778  -9.91584976e-06    1.13203187e-04
779  -9.31553747e-06    1.14434039e-04
780  -8.70875914e-06    1.15676188e-04
781  -8.09543380e-06    1.16929768e-04
782  -7.47547924e-06    1.18194913e-04
783  -6.84881188e-06    1.19471760e-04
784  -6.21534684e-06    1.20760447e-04
785  -5.57499783e-06    1.22061116e-04
786  -4.92767720e-06    1.23373911e-04
787  -4.27329584e-06    1.24698977e-04
788  -3.61176319e-06    1.26036464e-04
789  -2.94298721e-06    1.27386523e-04
790  -2.26687433e-06    1.28749307e-04
791  -1.58332943e-06    1.30124974e-04
792  -8.92255802e-07    1.31513683e-04
793  -1.93555128e-07    1.32915595e-04
794   5.12872569e-07    1.34330875e-04
795   1.22712895e-06    1.35759693e-04
796   1.94931742e-06    1.37202217e-04
797   2.67954311e-06    1.38658622e-04
798   3.41791298e-06    1.40129086e-04
799   4.16453583e-06    1.41613787e-04
800   4.91952233e-06    1.43112911e-04
801   5.68298508e-06    1.44626642e-04
802   6.45503863e-06    1.46155172e-04
803   7.23579957e-06    1.47698694e-04
804   8.02538650e-06    1.49257405e-04
805   8.82392017e-06    1.50831506e-04
806   9.63152344e-06    1.52421201e-04
807   1.04483214e-05    1.54026698e-04
808   1.12744413e-05    1.55648211e-04
809   1.21100129e-05    1.57285954e-04
810   1.29551680e-05    1.58940148e-04
811   1.38100411e-05    1.60611017e-04
812   1.46747689e-05    1.62298791e-04
813   1.55494910e-05    1.64003701e-04
814   1.64343491e-05    1.65725986e-04
815   1.73294879e-05    1.67465888e-04
816   1.82350547e-05    1.69223652e-04
817   1.91511995e-05    1.70999531e-04
818   2.00780752e-05    1.72793782e-04
819   2.10158377e-05    1.74606665e-04
820   2.19646456e-05    1.76438447e-04
821   2.29246609e-05    1.78289400e-04
822   2.38960485e-05    1.80159801e-04
823   2.48789765e-05    1.82049934e-04
824   2.58736164e-05    1.83960087e-04
825   2.68801430e-05    1.85890553e-04
826   2.78987344e-05    1.87841634e-04
827   2.89295726e-05    1.89813636e-04
828   2.99728428e-05    1.91806872e-04
829   3.10287343e-05    1.93821661e-04
830   3.20974399e-05    1.95858328e-04
831   3.31791565e-05    1.97917206e-04
832   3.42740849e-05    1.99998636e-04
833   3.53824302e-05    2.02102963e-04
834   3.65044015e-05    2.04230541e-04
835   3.76402124e-05    2.06381733e-04
836   3.87900808e-05    2.08556907e-04
837   3.99542294e-05    2.10756441e-04
838   4.11328853e-05    2.12980719e-04
839   4.23262807e-05    2.15230136e-04
840   4.35346525e-05    2.17505094e-04
841   4.47582429e-05    2.19806004e-04
842   4.59972992e-05    2.22133286e-04
843   4.72520741e-05    2.24487370e-04
844   4.85228259e-05    2.26868694e-04
845   4.98098184e-05    2.29277707e-04
846   5.11133214e-05    2.31714870e-04
847   5.24336105e-05    2.34180650e-04
848   5.37709677e-05    2.36675528e-04
849   5.51256813e-05    2.39199995e-04
850   5.64980458e-05    2.41754554e-04
851   5.78883629e-05    2.44339719e-04
852   5.92969409e-05    2.46956015e-04
853   6.07240952e-05    2.49603982e-04
854   6.21701488e-05    2.52284169e-04
855   6.36354318e-05    2.54997142e-04
856   6.51202825e-05    2.57743478e-04
857   6.66250469e-05    2.60523768e-04
858   6.81500793e-05    2.63338619e-04
859   6.96957425e-05    2.66188650e-04
860   7.12624081e-05    2.69074498e-04
861   7.28504566e-05    2.71996813e-04
862   7.44602778e-05    2.74956263e-04
863   7.60922712e-05    2.77953532e-04
864   7.77468460e-05    2.80989322e-04
865   7.94244217e-05    2.84064350e-04
866   8.11254283e-05    2.87179354e-04
867   8.28503067e-05    2.90335089e-04
868   8.45995087e-05    2.93532332e-04
869   8.63734979e-05    2.96771877e-04
870   8.81727499e-05    3.00054540e-04
871   8.99977524e-05    3.03381158e-04
872   9.18490060e-05    3.06752591e-04
873   9.37270242e-05    3.10169721e-04
874   9.56323344e-05    3.13633454e-04
875   9.75654777e-05    3.17144720e-04
876   9.95270101e-05    3.20704473e-04
877   1.01517502e-04    3.24313696e-04
878   1.03537540e-04    3.27973396e-04
879   1.05587727e-04    3.31684609e-04
880   1.07668681e-04    3.35448401e-04
881   1.09781038e-04    3.39265865e-04
882   1.11925453e-04    3.43138128e-04
883   1.14102598e-04    3.47066347e-04
884   1.16313164e-04    3.51051711e-04
885   1.18557863e-04    3.55095447e-04
886   1.20837426e-04    3.59198815e-04
887   1.23152606e-04    3.63363111e-04
888   1.25504178e-04    3.67589671e-04
889   1.27892941e-04    3.71879870e-04
890   1.30319715e-04    3.76235124e-04
891   1.32785347e-04    3.80656892e-04
892   1.35290708e-04    3.85146677e-04
893   1.37836696e-04    3.89706027e-04
894   1.40424237e-04    3.94336539e-04
895   1.43054286e-04    3.99039859e-04
896   1.45727825e-04    4.03817685e-04
897   1.48445870e-04    4.08671768e-04
898   1.51209468e-04    4.13603913e-04
899   1.54019698e-04    4.18615986e-04
900   1.56877676e-04    4.23709912e-04
901   1.59784551e-04    4.28887677e-04
902   1.62741514e-04    4.34151334e-04
903   1.65749792e-04    4.39503004e-04
904   1.68810653e-04    4.44944877e-04
905   1.71925408e-04    4.50479218e-04
906   1.75095413e-04    4.56108370e-04
907   1.78322070e-04    4.61834752e-04
908   1.81606827e-04    4.67660871e-04
909   1.84951185e-04    4.73589319e-04
910   1.88356696e-04    4.79622780e-04
911   1.91824968e-04    4.85764031e-04
912   1.95357666e-04    4.92015950e-04
913   1.98956513e-04    4.98381519e-04
914   2.02623298e-04    5.04863828e-04
915   2.06359871e-04    5.11466079e-04
916   2.10168155e-04    5.18191595e-04
917   2.14050141e-04    5.25043821e-04
918   2.18007898e-04    5.32026335e-04
919   2.22043571e-04    5.39142848e-04
920   2.26159390e-04    5.46397216e-04
921   2.30357669e-04    5.53793444e-04
922   2.34640814e-04    5.61335694e-04
923   2.39011326e-04    5.69028294e-04
924   2.43471805e-04    5.76875743e-04
925   2.48024958e-04    5.84882724e-04
926   2.52673600e-04    5.93054109e-04
927   2.57420663e-04    6.01394974e-04
928   2.62269201e-04    6.09910604e-04
929   2.67222397e-04    6.18606508e-04
930   2.72283567e-04    6.27488428e-04
931   2.77456173e-04    6.36562354e-04
932   2.82743824e-04    6.45834536e-04
933   2.88150290e-04    6.55311501e-04
934   2.93679507e-04    6.65000062e-04
935   2.99335589e-04    6.74907343e-04
936   3.05122834e-04    6.85040788e-04
937   3.11045741e-04    6.95408185e-04
938   3.17109016e-04    7.06017684e-04
939   3.23317588e-04    7.16877820e-04
940   3.29676617e-04    7.27997532e-04
941   3.36191516e-04    7.39386192e-04
942   3.42867959e-04    7.51053628e-04
943   3.49711901e-04    7.63010155e-04
944   3.56729595e-04    7.75266602e-04
945   3.63927608e-04    7.87834347e-04
946   3.71312847e-04    8.00725352e-04
947   3.78892576e-04    8.13952202e-04
948   3.86674441e-04    8.27528141e-04
949   3.94666496e-04    8.41467122e-04
950   4.02877230e-04    8.55783853e-04
951   4.11315597e-04    8.70493846e-04
952   4.19991048e-04    8.85613477e-04
953   4.28913566e-04    9.01160043e-04
954   4.38093707e-04    9.17151831e-04
955   4.47542634e-04    9.33608188e-04
956   4.57272171e-04    9.50549600e-04
957   4.67294844e-04    9.67997774e-04
958   4.77623941e-04    9.85975737e-04
959   4.88273566e-04    1.00450793e-03
960   4.99258704e-04    1.02362032e-03
961   5.10595293e-04    1.04334054e-03
962   5.22300296e-04    1.06369797e-03
963   5.34391790e-04    1.08472396e-03
964   5.46889058e-04    1.10645193e-03
965   5.59812687e-04    1.12891755e-03
966   5.73184687e-04    1.15215899e-03
967   5.87028610e-04    1.17621706e-03
968   6.01369691e-04    1.20113551e-03
969   6.16234998e-04    1.22696128e-03
970   6.31653606e-04    1.25374475e-03
971   6.47656784e-04    1.28154016e-03
972   6.64278204e-04    1.31040587e-03
973   6.81554179e-04    1.34040485e-03
974   6.99523929e-04    1.37160511e-03
975   7.18229873e-04    1.40408020e-03
976   7.37717963e-04    1.43790981e-03
977   7.58038064e-04    1.47318043e-03
978   7.79244375e-04    1.50998605e-03
979   8.01395912e-04    1.54842902e-03
980   8.24557055e-04    1.58862104e-03
981   8.48798173e-04    1.63068415e-03
982   8.74196333e-04    1.67475207e-03
983   9.00836123e-04    1.72097155e-03
984   9.28810585e-04    1.76950403e-03
985   9.58222304e-04    1.82052752e-03
986   9.89184660e-04    1.87423878e-03
987   1.02182329e-03    1.93085589e-03
988   1.05627778e-03    1.99062113e-03
989   1.09270368e-03    2.05380454e-03
990   1.13127482e-03    2.12070795e-03
991   1.17218611e-03    2.19166980e-03
992   1.21565680e-03    2.26707092e-03
993   1.26193443e-03    2.34734131e-03
994   1.31129955e-03    2.43296838e-03
995   1.36407136e-03    2.52450688e-03
996   1.42061469e-03    2.62259092e-03
997   1.48134837e-03    2.72794871e-03
998   1.54675563e-03    2.84142070e-03
999   1.61739702e-03    2.96398204e-03
1000   1.69392645e-03    3.09677077e-03
1001   1.77711149e-03    3.24112327e-03
1002   1.86785922e-03    3.39861952e-03
1003   1.96724938e-03    3.57114124e-03
1004   2.07657751e-03    3.76094761e-03
1005   2.19741174e-03    3.97077500e-03
1006   2.33166836e-03    4.20397007e-03
1007   2.48171418e-03    4.46467018e-03
1008   2.65050715e-03    4.75805180e-03
1009   2.84179310e-03    5.09067909e-03
1010   3.06038679e-03    5.47100307e-03
1011   3.31258227e-03    5.91009344e-03
1012   3.60676808e-03    6.42274060e-03
1013   3.95437709e-03    7.02916710e-03
1014   4.37140448e-03    7.75778398e-03
1015   4.88093382e-03    8.64982556e-03
1016   5.51754899e-03    9.76756423e-03
1017   6.33550508e-03    1.12098611e-02
1018   7.42500645e-03    1.31442105e-02
1019   8.94780767e-03    1.58805861e-02
1020   1.12253706e-02    2.00683767e-02
1021   1.49988199e-02    2.73246385e-02
1022   2.24308748e-02    4.26688221e-02
1023   4.33578618e-02    8.58438503e-02

 Average φ over all N^3 = -3.345e-17  (should be ~0)

