Enter the grid size N (N x N x N):   n   φ(n,n,n)             φ(n,0,0)
 0   2.50967085e-01    2.50967085e-01
 1   4.18146682e-02    8.43004981e-02
 2   2.08883944e-02    4.11257080e-02
 3   1.34575264e-02    2.57819214e-02
 4   9.68573501e-03    1.85262160e-02
 5   7.41029756e-03    1.43391420e-02
 6   5.89008470e-03    1.16036436e-02
 7   4.80362897e-03    9.67033313e-03
 8   3.98916917e-03    8.22923818e-03
 9   3.35649337e-03    7.11286557e-03
10   2.85133797e-03    6.22235569e-03
11   2.43910965e-03    5.49543783e-03
12   2.09671453e-03    4.89087947e-03
13   1.80814626e-03    4.38027160e-03
14   1.56195998e-03    3.94339382e-03
15   1.34975441e-03    3.56545813e-03
16   1.16522200e-03    3.23539734e-03
17   1.00353386e-03    2.94476318e-03
18   8.60929352e-04    2.68699439e-03
19   7.34435222e-04    2.45691758e-03
20   6.21668824e-04    2.25039869e-03
21   5.20697593e-04    2.06409451e-03
22   4.29936805e-04    1.89527235e-03
23   3.48074011e-04    1.74167687e-03
24   2.74012371e-04    1.60143042e-03
25   2.06827602e-04    1.47295728e-03
26   1.45734871e-04    1.35492553e-03
27   9.00630682e-05    1.24620181e-03
28   3.92346036e-05    1.14581584e-03
29  -7.25059432e-06    1.05293230e-03
30  -4.98278658e-05    9.66828320e-04
31  -8.88781163e-05    8.86875348e-04
32  -1.24736167e-04    8.12524454e-04
33  -1.57697577e-04    7.43294280e-04
34  -1.88024245e-04    6.78761132e-04
35  -2.15949046e-04    6.18550784e-04
36  -2.41679687e-04    5.62331637e-04
37  -2.65401926e-04    5.09809010e-04
38  -2.87282287e-04    4.60720317e-04
39  -3.07470344e-04    4.14831010e-04
40  -3.26100678e-04    3.71931114e-04
41  -3.43294528e-04    3.31832290e-04
42  -3.59161227e-04    2.94365312e-04
43  -3.73799432e-04    2.59377904e-04
44  -3.87298194e-04    2.26732874e-04
45  -3.99737889e-04    1.96306506e-04
46  -4.11191043e-04    1.67987158e-04
47  -4.21723045e-04    1.41674055e-04
48  -4.31392793e-04    1.17276233e-04
49  -4.40253259e-04    9.47116147e-05
50  -4.48352001e-04    7.39062086e-05
51  -4.55731612e-04    5.47934071e-05
52  -4.62430132e-04    3.73133721e-05
53  -4.68481418e-04    2.14124981e-05
54  -4.73915470e-04    7.04294433e-06
55  -4.78758729e-04   -5.83777386e-06
56  -4.83034345e-04   -1.72671394e-05
57  -4.86762412e-04   -2.72779402e-05
58  -4.89960176e-04   -3.58985329e-05
59  -4.92642219e-04   -4.31530667e-05
60  -4.94820618e-04   -4.90616717e-05
61  -4.96505072e-04   -5.36406141e-05
62  -4.97703015e-04   -5.69024198e-05
63  -4.98419697e-04   -5.88559695e-05
64  -4.98658246e-04   -5.95065651e-05
65  -4.98419697e-04   -5.88559695e-05
66  -4.97703015e-04   -5.69024198e-05
67  -4.96505072e-04   -5.36406141e-05
68  -4.94820618e-04   -4.90616717e-05
69  -4.92642219e-04   -4.31530667e-05
70  -4.89960176e-04   -3.58985329e-05
71  -4.86762412e-04   -2.72779402e-05
72  -4.83034345e-04   -1.72671394e-05
73  -4.78758729e-04   -5.83777386e-06
74  -4.73915470e-04    7.04294433e-06
75  -4.68481418e-04    2.14124981e-05
76  -4.62430132e-04    3.73133721e-05
77  -4.55731612e-04    5.47934071e-05
78  -4.48352001e-04    7.39062086e-05
79  -4.40253259e-04    9.47116147e-05
80  -4.31392793e-04    1.17276233e-04
81  -4.21723045e-04    1.41674055e-04
82  -4.11191043e-04    1.67987158e-04
83  -3.99737889e-04    1.96306506e-04
84  -3.87298194e-04    2.26732874e-04
85  -3.73799432e-04    2.59377904e-04
86  -3.59161227e-04    2.94365312e-04
87  -3.43294528e-04    3.31832290e-04
88  -3.26100678e-04    3.71931114e-04
89  -3.07470344e-04    4.14831010e-04
90  -2.87282287e-04    4.60720317e-04
91  -2.65401926e-04    5.09809010e-04
92  -2.41679687e-04    5.62331637e-04
93  -2.15949046e-04    6.18550784e-04
94  -1.88024245e-04    6.78761132e-04
95  -1.57697577e-04    7.43294280e-04
96  -1.24736167e-04    8.12524454e-04
97  -8.88781163e-05    8.86875348e-04
98  -4.98278658e-05    9.66828320e-04
99  -7.25059432e-06    1.05293230e-03
100   3.92346036e-05    1.14581584e-03
101   9.00630682e-05    1.24620181e-03
102   1.45734871e-04    1.35492553e-03
103   2.06827602e-04    1.47295728e-03
104   2.74012371e-04    1.60143042e-03
105   3.48074011e-04    1.74167687e-03
106   4.29936805e-04    1.89527235e-03
107   5.20697593e-04    2.06409451e-03
108   6.21668824e-04    2.25039869e-03
109   7.34435222e-04    2.45691758e-03
110   8.60929352e-04    2.68699439e-03
111   1.00353386e-03    2.94476318e-03
112   1.16522200e-03    3.23539734e-03
113   1.34975441e-03    3.56545813e-03
114   1.56195998e-03    3.94339382e-03
115   1.80814626e-03    4.38027160e-03
116   2.09671453e-03    4.89087947e-03
117   2.43910965e-03    5.49543783e-03
118   2.85133797e-03    6.22235569e-03
119   3.35649337e-03    7.11286557e-03
120   3.98916917e-03    8.22923818e-03
121   4.80362897e-03    9.67033313e-03
122   5.89008470e-03    1.16036436e-02
123   7.41029756e-03    1.43391420e-02
124   9.68573501e-03    1.85262160e-02
125   1.34575264e-02    2.57819214e-02
126   2.08883944e-02    4.11257080e-02
127   4.18146682e-02    8.43004981e-02

 Average φ over all N^3 =  5.267e-18  (should be ~0)

