Enter the grid size N (N x N x N):   n   φ(n,n,n)             φ(n,0,0)
 0   2.51849040e-01    2.51849040e-01
 1   4.26964143e-02    8.51823832e-02
 2   2.17695153e-02    4.20073843e-02
 3   1.43376070e-02    2.66632497e-02
 4   1.05643628e-02    1.94070563e-02
 5   8.28706337e-03    1.52193539e-02
 6   6.76458394e-03    1.24830860e-02
 7   5.67546246e-03    1.05488639e-02
 8   4.85794412e-03    9.10671413e-03
 9   4.22182435e-03    7.98914226e-03
10   3.71284777e-03    7.09728724e-03
11   3.29643020e-03    6.36887676e-03
12   2.94948773e-03    5.76267654e-03
13   2.65602482e-03    5.25027561e-03
14   2.40460821e-03    4.81145147e-03
15   2.18684892e-03    4.43141382e-03
16   1.99645244e-03    4.09909302e-03
17   1.82860353e-03    3.80603814e-03
18   1.67955584e-03    3.54568512e-03
19   1.54635087e-03    3.31285756e-03
20   1.42662125e-03    3.10341823e-03
21   1.31845006e-03    2.91402055e-03
22   1.22026857e-03    2.74192827e-03
23   1.13078057e-03    2.58488233e-03
24   1.04890563e-03    2.44100112e-03
25   9.73735965e-04    2.30870481e-03
26   9.04503267e-04    2.18665714e-03
27   8.40552860e-04    2.07372022e-03
28   7.81323427e-04    1.96891902e-03
29   7.26330915e-04    1.87141326e-03
30   6.75155658e-04    1.78047488e-03
31   6.27431996e-04    1.69546994e-03
32   5.82839835e-04    1.61584385e-03
33   5.41097743e-04    1.54110937e-03
34   5.01957265e-04    1.47083667e-03
35   4.65198212e-04    1.40464513e-03
36   4.30624731e-04    1.34219648e-03
37   3.98062021e-04    1.28318910e-03
38   3.67353559e-04    1.22735314e-03
39   3.38358758e-04    1.17444653e-03
40   3.10950973e-04    1.12425141e-03
41   2.85015803e-04    1.07657123e-03
42   2.60449631e-04    1.03122821e-03
43   2.37158371e-04    9.88061146e-04
44   2.15056385e-04    9.46923513e-04
45   1.94065547e-04    9.07681856e-04
46   1.74114424e-04    8.70214357e-04
47   1.55137564e-04    8.34409601e-04
48   1.37074879e-04    8.00165489e-04
49   1.19871092e-04    7.67388288e-04
50   1.03475263e-04    7.35991798e-04
51   8.78403617e-05    7.05896610e-04
52   7.29228925e-05    6.77029455e-04
53   5.86825653e-05    6.49322623e-04
54   4.50819986e-05    6.22713454e-04
55   3.20864573e-05    5.97143873e-04
56   1.96636184e-05    5.72559984e-04
57   7.78336127e-06    5.48911706e-04
58  -3.58241976e-06    5.26152440e-04
59  -1.44599841e-05    5.04238778e-04
60  -2.48738964e-05    4.83130238e-04
61  -3.48471629e-05    4.62789021e-04
62  -4.44013548e-05    4.43179799e-04
63  -5.35567193e-05    4.24269519e-04
64  -6.23322807e-05    4.06027224e-04
65  -7.07459316e-05    3.88423893e-04
66  -7.88145159e-05    3.71432297e-04
67  -8.65539043e-05    3.55026864e-04
68  -9.39790631e-05    3.39183559e-04
69  -1.01104117e-04    3.23879770e-04
70  -1.07942405e-04    3.09094214e-04
71  -1.14506536e-04    2.94806837e-04
72  -1.20808433e-04    2.80998734e-04
73  -1.26859380e-04    2.67652069e-04
74  -1.32670060e-04    2.54750003e-04
75  -1.38250595e-04    2.42276631e-04
76  -1.43610577e-04    2.30216919e-04
77  -1.48759102e-04    2.18556650e-04
78  -1.53704797e-04    2.07282369e-04
79  -1.58455850e-04    1.96381342e-04
80  -1.63020032e-04    1.85841505e-04
81  -1.67404721e-04    1.75651427e-04
82  -1.71616923e-04    1.65800273e-04
83  -1.75663293e-04    1.56277768e-04
84  -1.79550153e-04    1.47074163e-04
85  -1.83283509e-04    1.38180208e-04
86  -1.86869066e-04    1.29587123e-04
87  -1.90312247e-04    1.21286570e-04
88  -1.93618202e-04    1.13270633e-04
89  -1.96791825e-04    1.05531791e-04
90  -1.99837763e-04    9.80628990e-05
91  -2.02760430e-04    9.08571710e-05
92  -2.05564020e-04    8.39081576e-05
93  -2.08252511e-04    7.72097313e-05
94  -2.10829679e-04    7.07560703e-05
95  -2.13299109e-04    6.45416436e-05
96  -2.15664199e-04    5.85611971e-05
97  -2.17928169e-04    5.28097410e-05
98  -2.20094072e-04    4.72825371e-05
99  -2.22164798e-04    4.19750882e-05
100  -2.24143083e-04    3.68831272e-05
101  -2.26031514e-04    3.20026071e-05
102  -2.27832535e-04    2.73296921e-05
103  -2.29548456e-04    2.28607485e-05
104  -2.31181454e-04    1.85923374e-05
105  -2.32733582e-04    1.45212061e-05
106  -2.34206772e-04    1.06442821e-05
107  -2.35602840e-04    6.95866574e-06
108  -2.36923492e-04    3.46162462e-06
109  -2.38170326e-04    1.50587486e-07
110  -2.39344838e-04   -2.97686088e-06
111  -2.40448424e-04   -5.92298471e-06
112  -2.41482387e-04   -8.68990177e-06
113  -2.42447935e-04   -1.12795877e-05
114  -2.43346188e-04   -1.36938799e-05
115  -2.44178181e-04   -1.59344812e-05
116  -2.44944866e-04   -1.80029632e-05
117  -2.45647113e-04   -1.99007693e-05
118  -2.46285714e-04   -2.16292176e-05
119  -2.46861385e-04   -2.31895033e-05
120  -2.47374769e-04   -2.45827011e-05
121  -2.47826436e-04   -2.58097672e-05
122  -2.48216884e-04   -2.68715411e-05
123  -2.48546543e-04   -2.77687471e-05
124  -2.48815775e-04   -2.85019961e-05
125  -2.49024874e-04   -2.90717861e-05
126  -2.49174068e-04   -2.94785035e-05
127  -2.49263519e-04   -2.97224238e-05
128  -2.49293326e-04   -2.98037123e-05
129  -2.49263519e-04   -2.97224238e-05
130  -2.49174068e-04   -2.94785035e-05
131  -2.49024874e-04   -2.90717861e-05
132  -2.48815775e-04   -2.85019961e-05
133  -2.48546543e-04   -2.77687471e-05
134  -2.48216884e-04   -2.68715411e-05
135  -2.47826436e-04   -2.58097672e-05
136  -2.47374769e-04   -2.45827011e-05
137  -2.46861385e-04   -2.31895033e-05
138  -2.46285714e-04   -2.16292176e-05
139  -2.45647113e-04   -1.99007693e-05
140  -2.44944866e-04   -1.80029632e-05
141  -2.44178181e-04   -1.59344812e-05
142  -2.43346188e-04   -1.36938799e-05
143  -2.42447935e-04   -1.12795877e-05
144  -2.41482387e-04   -8.68990177e-06
145  -2.40448424e-04   -5.92298471e-06
146  -2.39344838e-04   -2.97686088e-06
147  -2.38170326e-04    1.50587486e-07
148  -2.36923492e-04    3.46162462e-06
149  -2.35602840e-04    6.95866574e-06
150  -2.34206772e-04    1.06442821e-05
151  -2.32733582e-04    1.45212061e-05
152  -2.31181454e-04    1.85923374e-05
153  -2.29548456e-04    2.28607485e-05
154  -2.27832535e-04    2.73296921e-05
155  -2.26031514e-04    3.20026071e-05
156  -2.24143083e-04    3.68831272e-05
157  -2.22164798e-04    4.19750882e-05
158  -2.20094072e-04    4.72825371e-05
159  -2.17928169e-04    5.28097410e-05
160  -2.15664199e-04    5.85611971e-05
161  -2.13299109e-04    6.45416436e-05
162  -2.10829679e-04    7.07560703e-05
163  -2.08252511e-04    7.72097313e-05
164  -2.05564020e-04    8.39081576e-05
165  -2.02760430e-04    9.08571710e-05
166  -1.99837763e-04    9.80628990e-05
167  -1.96791825e-04    1.05531791e-04
168  -1.93618202e-04    1.13270633e-04
169  -1.90312247e-04    1.21286570e-04
170  -1.86869066e-04    1.29587123e-04
171  -1.83283509e-04    1.38180208e-04
172  -1.79550153e-04    1.47074163e-04
173  -1.75663293e-04    1.56277768e-04
174  -1.71616923e-04    1.65800273e-04
175  -1.67404721e-04    1.75651427e-04
176  -1.63020032e-04    1.85841505e-04
177  -1.58455850e-04    1.96381342e-04
178  -1.53704797e-04    2.07282369e-04
179  -1.48759102e-04    2.18556650e-04
180  -1.43610577e-04    2.30216919e-04
181  -1.38250595e-04    2.42276631e-04
182  -1.32670060e-04    2.54750003e-04
183  -1.26859380e-04    2.67652069e-04
184  -1.20808433e-04    2.80998734e-04
185  -1.14506536e-04    2.94806837e-04
186  -1.07942405e-04    3.09094214e-04
187  -1.01104117e-04    3.23879770e-04
188  -9.39790631e-05    3.39183559e-04
189  -8.65539043e-05    3.55026864e-04
190  -7.88145159e-05    3.71432297e-04
191  -7.07459316e-05    3.88423893e-04
192  -6.23322807e-05    4.06027224e-04
193  -5.35567193e-05    4.24269519e-04
194  -4.44013548e-05    4.43179799e-04
195  -3.48471629e-05    4.62789021e-04
196  -2.48738964e-05    4.83130238e-04
197  -1.44599841e-05    5.04238778e-04
198  -3.58241976e-06    5.26152440e-04
199   7.78336127e-06    5.48911706e-04
200   1.96636184e-05    5.72559984e-04
201   3.20864573e-05    5.97143873e-04
202   4.50819986e-05    6.22713454e-04
203   5.86825653e-05    6.49322623e-04
204   7.29228925e-05    6.77029455e-04
205   8.78403617e-05    7.05896610e-04
206   1.03475263e-04    7.35991798e-04
207   1.19871092e-04    7.67388288e-04
208   1.37074879e-04    8.00165489e-04
209   1.55137564e-04    8.34409601e-04
210   1.74114424e-04    8.70214357e-04
211   1.94065547e-04    9.07681856e-04
212   2.15056385e-04    9.46923513e-04
213   2.37158371e-04    9.88061146e-04
214   2.60449631e-04    1.03122821e-03
215   2.85015803e-04    1.07657123e-03
216   3.10950973e-04    1.12425141e-03
217   3.38358758e-04    1.17444653e-03
218   3.67353559e-04    1.22735314e-03
219   3.98062021e-04    1.28318910e-03
220   4.30624731e-04    1.34219648e-03
221   4.65198212e-04    1.40464513e-03
222   5.01957265e-04    1.47083667e-03
223   5.41097743e-04    1.54110937e-03
224   5.82839835e-04    1.61584385e-03
225   6.27431996e-04    1.69546994e-03
226   6.75155658e-04    1.78047488e-03
227   7.26330915e-04    1.87141326e-03
228   7.81323427e-04    1.96891902e-03
229   8.40552860e-04    2.07372022e-03
230   9.04503267e-04    2.18665714e-03
231   9.73735965e-04    2.30870481e-03
232   1.04890563e-03    2.44100112e-03
233   1.13078057e-03    2.58488233e-03
234   1.22026857e-03    2.74192827e-03
235   1.31845006e-03    2.91402055e-03
236   1.42662125e-03    3.10341823e-03
237   1.54635087e-03    3.31285756e-03
238   1.67955584e-03    3.54568512e-03
239   1.82860353e-03    3.80603814e-03
240   1.99645244e-03    4.09909302e-03
241   2.18684892e-03    4.43141382e-03
242   2.40460821e-03    4.81145147e-03
243   2.65602482e-03    5.25027561e-03
244   2.94948773e-03    5.76267654e-03
245   3.29643020e-03    6.36887676e-03
246   3.71284777e-03    7.09728724e-03
247   4.22182435e-03    7.98914226e-03
248   4.85794412e-03    9.10671413e-03
249   5.67546246e-03    1.05488639e-02
250   6.76458394e-03    1.24830860e-02
251   8.28706337e-03    1.52193539e-02
252   1.05643628e-02    1.94070563e-02
253   1.43376070e-02    2.66632497e-02
254   2.17695153e-02    4.20073843e-02
255   4.26964143e-02    8.51823832e-02

 Average φ over all N^3 =  6.118e-18  (should be ~0)

