Enter the grid size N (N x N x N):   n   φ(n,n,n)             φ(n,0,0)
 0   2.45676551e-01    2.45676551e-01
 1   3.65390876e-02    7.90149708e-02
 2   1.56571430e-02    3.58552903e-02
 3   8.29841077e-03    2.05369847e-02
 4   4.62403256e-03    1.33175808e-02
 5   2.46793420e-03    9.17826177e-03
 6   1.08501813e-03    6.50279480e-03
 7   1.49505807e-04    4.64281351e-03
 8  -5.04688112e-04    3.28958019e-03
 9  -9.71756429e-04    2.27707080e-03
10  -1.30926186e-03    1.50816097e-03
11  -1.55414429e-03    9.22626135e-04
12  -1.73072959e-03    4.81654457e-04
13  -1.85510391e-03    1.59720816e-04
14  -1.93770769e-03   -5.99242257e-05
15  -1.98497287e-03   -1.87837849e-04
16  -2.00036445e-03   -2.29853534e-04
17  -1.98497287e-03   -1.87837849e-04
18  -1.93770769e-03   -5.99242257e-05
19  -1.85510391e-03    1.59720816e-04
20  -1.73072959e-03    4.81654457e-04
21  -1.55414429e-03    9.22626135e-04
22  -1.30926186e-03    1.50816097e-03
23  -9.71756429e-04    2.27707080e-03
24  -5.04688112e-04    3.28958019e-03
25   1.49505807e-04    4.64281351e-03
26   1.08501813e-03    6.50279480e-03
27   2.46793420e-03    9.17826177e-03
28   4.62403256e-03    1.33175808e-02
29   8.29841077e-03    2.05369847e-02
30   1.56571430e-02    3.58552903e-02
31   3.65390876e-02    7.90149708e-02

 Average φ over all N^3 =  2.162e-18  (should be ~0)

