Enter the grid size N (N x N x N):   n   φ(n,n,n)             φ(n,0,0)
 0   2.52290024e-01    2.52290024e-01
 1   4.31373722e-02    8.56233585e-02
 2   2.22103950e-02    4.24483336e-02
 3   1.47783564e-02    2.71041554e-02
 4   1.10049299e-02    1.98479012e-02
 5   8.72739629e-03    1.56601205e-02
 6   7.20463089e-03    1.29237568e-02
 7   6.11517186e-03    1.09894215e-02
 8   5.29726459e-03    9.54714096e-03
 9   4.66070474e-03    8.42942077e-03
10   4.15123719e-03    7.53739986e-03
11   3.73427806e-03    6.80880583e-03
12   3.38674377e-03    6.20240436e-03
13   3.09263913e-03    5.68978442e-03
14   2.84053126e-03    5.25072345e-03
15   2.62203161e-03    4.87043106e-03
16   2.43084609e-03    4.53783755e-03
17   2.26215996e-03    4.24449191e-03
18   2.11222734e-03    3.98382998e-03
19   1.97809030e-03    3.75067528e-03
20   1.85738199e-03    3.54089047e-03
21   1.74818609e-03    3.35112888e-03
22   1.64893448e-03    3.17865416e-03
23   1.55833158e-03    3.02120711e-03
24   1.47529763e-03    2.87690603e-03
25   1.39892553e-03    2.74417094e-03
26   1.32844768e-03    2.62166547e-03
27   1.26321015e-03    2.50825157e-03
28   1.20265238e-03    2.40295411e-03
29   1.14629109e-03    2.30493263e-03
30   1.09370742e-03    2.21345894e-03
31   1.04453654e-03    2.12789892e-03
32   9.98459198e-04    2.04769784e-03
33   9.55194824e-04    1.97236828e-03
34   9.14495847e-04    1.90148025e-03
35   8.76142975e-04    1.83465293e-03
36   8.39941275e-04    1.77154788e-03
37   8.05716877e-04    1.71186329e-03
38   7.73314205e-04    1.65532911e-03
39   7.42593632e-04    1.60170307e-03
40   7.13429486e-04    1.55076710e-03
41   6.85708350e-04    1.50232444e-03
42   6.59327601e-04    1.45619710e-03
43   6.34194159e-04    1.41222363e-03
44   6.10223398e-04    1.37025729e-03
45   5.87338208e-04    1.33016439e-03
46   5.65468180e-04    1.29182285e-03
47   5.44548893e-04    1.25512103e-03
48   5.24521288e-04    1.21995657e-03
49   5.05331123e-04    1.18623546e-03
50   4.86928488e-04    1.15387125e-03
51   4.69267387e-04    1.12278425e-03
52   4.52305353e-04    1.09290092e-03
53   4.36003123e-04    1.06415325e-03
54   4.20324335e-04    1.03647829e-03
55   4.05235270e-04    1.00981767e-03
56   3.90704610e-04    9.84117186e-04
57   3.76703231e-04    9.59326442e-04
58   3.63204016e-04    9.35398522e-04
59   3.50181677e-04    9.12289688e-04
60   3.37612612e-04    8.89959124e-04
61   3.25474761e-04    8.68368691e-04
62   3.13747481e-04    8.47482711e-04
63   3.02411440e-04    8.27267774e-04
64   2.91448505e-04    8.07692560e-04
65   2.80841658e-04    7.88727677e-04
66   2.70574907e-04    7.70345516e-04
67   2.60633212e-04    7.52520118e-04
68   2.51002412e-04    7.35227051e-04
69   2.41669165e-04    7.18443302e-04
70   2.32620884e-04    7.02147174e-04
71   2.23845691e-04    6.86318193e-04
72   2.15332363e-04    6.70937023e-04
73   2.07070286e-04    6.55985390e-04
74   1.99049419e-04    6.41446008e-04
75   1.91260250e-04    6.27302515e-04
76   1.83693766e-04    6.13539409e-04
77   1.76341417e-04    6.00141997e-04
78   1.69195090e-04    5.87096339e-04
79   1.62247076e-04    5.74389202e-04
80   1.55490051e-04    5.62008016e-04
81   1.48917047e-04    5.49940831e-04
82   1.42521433e-04    5.38176285e-04
83   1.36296895e-04    5.26703559e-04
84   1.30237415e-04    5.15512355e-04
85   1.24337256e-04    5.04592858e-04
86   1.18590943e-04    4.93935712e-04
87   1.12993250e-04    4.83531989e-04
88   1.07539187e-04    4.73373172e-04
89   1.02223983e-04    4.63451124e-04
90   9.70430764e-05    4.53758074e-04
91   9.19921033e-05    4.44286590e-04
92   8.70668865e-05    4.35029567e-04
93   8.22634252e-05    4.25980205e-04
94   7.75778859e-05    4.17131994e-04
95   7.30065937e-05    4.08478701e-04
96   6.85460239e-05    4.00014350e-04
97   6.41927943e-05    3.91733217e-04
98   5.99436579e-05    3.83629810e-04
99   5.57954961e-05    3.75698858e-04
100   5.17453127e-05    3.67935305e-04
101   4.77902271e-05    3.60334296e-04
102   4.39274693e-05    3.52891164e-04
103   4.01543742e-05    3.45601428e-04
104   3.64683768e-05    3.38460778e-04
105   3.28670073e-05    3.31465071e-04
106   2.93478869e-05    3.24610318e-04
107   2.59087230e-05    3.17892684e-04
108   2.25473060e-05    3.11308474e-04
109   1.92615050e-05    3.04854130e-04
110   1.60492642e-05    2.98526227e-04
111   1.29086001e-05    2.92321461e-04
112   9.83759763e-06    2.86236648e-04
113   6.83440771e-06    2.80268719e-04
114   3.89724405e-06    2.74414711e-04
115   1.02438055e-06    2.68671767e-04
116  -1.78585121e-06    2.63037130e-04
117  -4.53506445e-06    2.57508136e-04
118  -7.22481947e-06    2.52082215e-04
119  -9.85662586e-06    2.46756880e-04
120  -1.24319445e-05    2.41529734e-04
121  -1.49521897e-05    2.36398454e-04
122  -1.74187309e-05    2.31360799e-04
123  -1.98328944e-05    2.26414598e-04
124  -2.21959653e-05    2.21557755e-04
125  -2.45091889e-05    2.16788238e-04
126  -2.67737725e-05    2.12104083e-04
127  -2.89908864e-05    2.07503388e-04
128  -3.11616657e-05    2.02984313e-04
129  -3.32872115e-05    1.98545073e-04
130  -3.53685921e-05    1.94183941e-04
131  -3.74068443e-05    1.89899243e-04
132  -3.94029746e-05    1.85689359e-04
133  -4.13579599e-05    1.81552714e-04
134  -4.32727492e-05    1.77487786e-04
135  -4.51482640e-05    1.73493095e-04
136  -4.69853998e-05    1.69567210e-04
137  -4.87850263e-05    1.65708738e-04
138  -5.05479893e-05    1.61916330e-04
139  -5.22751103e-05    1.58188677e-04
140  -5.39671883e-05    1.54524509e-04
141  -5.56250001e-05    1.50922590e-04
142  -5.72493013e-05    1.47381723e-04
143  -5.88408266e-05    1.43900744e-04
144  -6.04002907e-05    1.40478524e-04
145  -6.19283892e-05    1.37113964e-04
146  -6.34257987e-05    1.33805997e-04
147  -6.48931779e-05    1.30553587e-04
148  -6.63311677e-05    1.27355726e-04
149  -6.77403921e-05    1.24211435e-04
150  -6.91214586e-05    1.21119761e-04
151  -7.04749587e-05    1.18079778e-04
152  -7.18014682e-05    1.15090587e-04
153  -7.31015481e-05    1.12151311e-04
154  -7.43757446e-05    1.09261099e-04
155  -7.56245899e-05    1.06419121e-04
156  -7.68486022e-05    1.03624571e-04
157  -7.80482866e-05    1.00876665e-04
158  -7.92241349e-05    9.81746386e-05
159  -8.03766264e-05    9.55177484e-05
160  -8.15062283e-05    9.29052710e-05
161  -8.26133957e-05    9.03365019e-05
162  -8.36985720e-05    8.78107552e-05
163  -8.47621894e-05    8.53273630e-05
164  -8.58046693e-05    8.28856749e-05
165  -8.68264221e-05    8.04850576e-05
166  -8.78278480e-05    7.81248940e-05
167  -8.88093370e-05    7.58045832e-05
168  -8.97712693e-05    7.35235398e-05
169  -9.07140153e-05    7.12811934e-05
170  -9.16379363e-05    6.90769884e-05
171  -9.25433843e-05    6.69103834e-05
172  -9.34307023e-05    6.47808507e-05
173  -9.43002250e-05    6.26878764e-05
174  -9.51522783e-05    6.06309595e-05
175  -9.59871800e-05    5.86096116e-05
176  -9.68052398e-05    5.66233570e-05
177  -9.76067596e-05    5.46717318e-05
178  -9.83920337e-05    5.27542841e-05
179  -9.91613486e-05    5.08705732e-05
180  -9.99149840e-05    4.90201697e-05
181  -1.00653212e-04    4.72026549e-05
182  -1.01376298e-04    4.54176209e-05
183  -1.02084501e-04    4.36646699e-05
184  -1.02778073e-04    4.19434141e-05
185  -1.03457258e-04    4.02534757e-05
186  -1.04122297e-04    3.85944863e-05
187  -1.04773422e-04    3.69660868e-05
188  -1.05410860e-04    3.53679273e-05
189  -1.06034832e-04    3.37996665e-05
190  -1.06645553e-04    3.22609721e-05
191  -1.07243232e-04    3.07515199e-05
192  -1.07828075e-04    2.92709943e-05
193  -1.08400279e-04    2.78190875e-05
194  -1.08960037e-04    2.63954997e-05
195  -1.09507539e-04    2.49999385e-05
196  -1.10042966e-04    2.36321196e-05
197  -1.10566498e-04    2.22917654e-05
198  -1.11078307e-04    2.09786059e-05
199  -1.11578562e-04    1.96923780e-05
200  -1.12067427e-04    1.84328255e-05
201  -1.12545061e-04    1.71996989e-05
202  -1.13011620e-04    1.59927553e-05
203  -1.13467254e-04    1.48117583e-05
204  -1.13912109e-04    1.36564779e-05
205  -1.14346328e-04    1.25266900e-05
206  -1.14770048e-04    1.14221768e-05
207  -1.15183404e-04    1.03427264e-05
208  -1.15586526e-04    9.28813274e-06
209  -1.15979540e-04    8.25819550e-06
210  -1.16362569e-04    7.25271992e-06
211  -1.16735732e-04    6.27151678e-06
212  -1.17099144e-04    5.31440227e-06
213  -1.17452917e-04    4.38119787e-06
214  -1.17797159e-04    3.47173029e-06
215  -1.18131974e-04    2.58583138e-06
216  -1.18457466e-04    1.72333801e-06
217  -1.18773731e-04    8.84092003e-07
218  -1.19080864e-04    6.79400602e-08
219  -1.19378959e-04   -7.25266326e-07
220  -1.19668103e-04   -1.49567095e-06
221  -1.19948382e-04   -2.24341295e-06
222  -1.20219880e-04   -2.96862690e-06
223  -1.20482675e-04   -3.67144288e-06
224  -1.20736845e-04   -4.35198650e-06
225  -1.20982465e-04   -5.01037902e-06
226  -1.21219604e-04   -5.64673738e-06
227  -1.21448333e-04   -6.26117424e-06
228  -1.21668717e-04   -6.85379807e-06
229  -1.21880819e-04   -7.42471320e-06
230  -1.22084701e-04   -7.97401984e-06
231  -1.22280419e-04   -8.50181416e-06
232  -1.22468031e-04   -9.00818834e-06
233  -1.22647588e-04   -9.49323057e-06
234  -1.22819143e-04   -9.95702516e-06
235  -1.22982742e-04   -1.03996525e-05
236  -1.23138433e-04   -1.08211892e-05
237  -1.23286258e-04   -1.12217080e-05
238  -1.23426259e-04   -1.16012780e-05
239  -1.23558475e-04   -1.19599644e-05
240  -1.23682942e-04   -1.22978287e-05
241  -1.23799696e-04   -1.26149290e-05
242  -1.23908768e-04   -1.29113195e-05
243  -1.24010189e-04   -1.31870508e-05
244  -1.24103986e-04   -1.34421699e-05
245  -1.24190185e-04   -1.36767204e-05
246  -1.24268810e-04   -1.38907422e-05
247  -1.24339882e-04   -1.40842716e-05
248  -1.24403421e-04   -1.42573416e-05
249  -1.24459444e-04   -1.44099814e-05
250  -1.24507967e-04   -1.45422170e-05
251  -1.24549002e-04   -1.46540709e-05
252  -1.24582561e-04   -1.47455619e-05
253  -1.24608654e-04   -1.48167055e-05
254  -1.24627286e-04   -1.48675137e-05
255  -1.24638463e-04   -1.48979952e-05
256  -1.24642188e-04   -1.49081552e-05
257  -1.24638463e-04   -1.48979952e-05
258  -1.24627286e-04   -1.48675137e-05
259  -1.24608654e-04   -1.48167055e-05
260  -1.24582561e-04   -1.47455619e-05
261  -1.24549002e-04   -1.46540709e-05
262  -1.24507967e-04   -1.45422170e-05
263  -1.24459444e-04   -1.44099814e-05
264  -1.24403421e-04   -1.42573416e-05
265  -1.24339882e-04   -1.40842716e-05
266  -1.24268810e-04   -1.38907422e-05
267  -1.24190185e-04   -1.36767204e-05
268  -1.24103986e-04   -1.34421699e-05
269  -1.24010189e-04   -1.31870508e-05
270  -1.23908768e-04   -1.29113195e-05
271  -1.23799696e-04   -1.26149290e-05
272  -1.23682942e-04   -1.22978287e-05
273  -1.23558475e-04   -1.19599644e-05
274  -1.23426259e-04   -1.16012780e-05
275  -1.23286258e-04   -1.12217080e-05
276  -1.23138433e-04   -1.08211892e-05
277  -1.22982742e-04   -1.03996525e-05
278  -1.22819143e-04   -9.95702516e-06
279  -1.22647588e-04   -9.49323057e-06
280  -1.22468031e-04   -9.00818834e-06
281  -1.22280419e-04   -8.50181416e-06
282  -1.22084701e-04   -7.97401984e-06
283  -1.21880819e-04   -7.42471320e-06
284  -1.21668717e-04   -6.85379807e-06
285  -1.21448333e-04   -6.26117424e-06
286  -1.21219604e-04   -5.64673738e-06
287  -1.20982465e-04   -5.01037902e-06
288  -1.20736845e-04   -4.35198650e-06
289  -1.20482675e-04   -3.67144288e-06
290  -1.20219880e-04   -2.96862690e-06
291  -1.19948382e-04   -2.24341295e-06
292  -1.19668103e-04   -1.49567095e-06
293  -1.19378959e-04   -7.25266326e-07
294  -1.19080864e-04    6.79400602e-08
295  -1.18773731e-04    8.84092003e-07
296  -1.18457466e-04    1.72333801e-06
297  -1.18131974e-04    2.58583138e-06
298  -1.17797159e-04    3.47173029e-06
299  -1.17452917e-04    4.38119787e-06
300  -1.17099144e-04    5.31440227e-06
301  -1.16735732e-04    6.27151678e-06
302  -1.16362569e-04    7.25271992e-06
303  -1.15979540e-04    8.25819550e-06
304  -1.15586526e-04    9.28813274e-06
305  -1.15183404e-04    1.03427264e-05
306  -1.14770048e-04    1.14221768e-05
307  -1.14346328e-04    1.25266900e-05
308  -1.13912109e-04    1.36564779e-05
309  -1.13467254e-04    1.48117583e-05
310  -1.13011620e-04    1.59927553e-05
311  -1.12545061e-04    1.71996989e-05
312  -1.12067427e-04    1.84328255e-05
313  -1.11578562e-04    1.96923780e-05
314  -1.11078307e-04    2.09786059e-05
315  -1.10566498e-04    2.22917654e-05
316  -1.10042966e-04    2.36321196e-05
317  -1.09507539e-04    2.49999385e-05
318  -1.08960037e-04    2.63954997e-05
319  -1.08400279e-04    2.78190875e-05
320  -1.07828075e-04    2.92709943e-05
321  -1.07243232e-04    3.07515199e-05
322  -1.06645553e-04    3.22609721e-05
323  -1.06034832e-04    3.37996665e-05
324  -1.05410860e-04    3.53679273e-05
325  -1.04773422e-04    3.69660868e-05
326  -1.04122297e-04    3.85944863e-05
327  -1.03457258e-04    4.02534757e-05
328  -1.02778073e-04    4.19434141e-05
329  -1.02084501e-04    4.36646699e-05
330  -1.01376298e-04    4.54176209e-05
331  -1.00653212e-04    4.72026549e-05
332  -9.99149840e-05    4.90201697e-05
333  -9.91613486e-05    5.08705732e-05
334  -9.83920337e-05    5.27542841e-05
335  -9.76067596e-05    5.46717318e-05
336  -9.68052398e-05    5.66233570e-05
337  -9.59871800e-05    5.86096116e-05
338  -9.51522783e-05    6.06309595e-05
339  -9.43002250e-05    6.26878764e-05
340  -9.34307023e-05    6.47808507e-05
341  -9.25433843e-05    6.69103834e-05
342  -9.16379363e-05    6.90769884e-05
343  -9.07140153e-05    7.12811934e-05
344  -8.97712693e-05    7.35235398e-05
345  -8.88093370e-05    7.58045832e-05
346  -8.78278480e-05    7.81248940e-05
347  -8.68264221e-05    8.04850576e-05
348  -8.58046693e-05    8.28856749e-05
349  -8.47621894e-05    8.53273630e-05
350  -8.36985720e-05    8.78107552e-05
351  -8.26133957e-05    9.03365019e-05
352  -8.15062283e-05    9.29052710e-05
353  -8.03766264e-05    9.55177484e-05
354  -7.92241349e-05    9.81746386e-05
355  -7.80482866e-05    1.00876665e-04
356  -7.68486022e-05    1.03624571e-04
357  -7.56245899e-05    1.06419121e-04
358  -7.43757446e-05    1.09261099e-04
359  -7.31015481e-05    1.12151311e-04
360  -7.18014682e-05    1.15090587e-04
361  -7.04749587e-05    1.18079778e-04
362  -6.91214586e-05    1.21119761e-04
363  -6.77403921e-05    1.24211435e-04
364  -6.63311677e-05    1.27355726e-04
365  -6.48931779e-05    1.30553587e-04
366  -6.34257987e-05    1.33805997e-04
367  -6.19283892e-05    1.37113964e-04
368  -6.04002907e-05    1.40478524e-04
369  -5.88408266e-05    1.43900744e-04
370  -5.72493013e-05    1.47381723e-04
371  -5.56250001e-05    1.50922590e-04
372  -5.39671883e-05    1.54524509e-04
373  -5.22751103e-05    1.58188677e-04
374  -5.05479893e-05    1.61916330e-04
375  -4.87850263e-05    1.65708738e-04
376  -4.69853998e-05    1.69567210e-04
377  -4.51482640e-05    1.73493095e-04
378  -4.32727492e-05    1.77487786e-04
379  -4.13579599e-05    1.81552714e-04
380  -3.94029746e-05    1.85689359e-04
381  -3.74068443e-05    1.89899243e-04
382  -3.53685921e-05    1.94183941e-04
383  -3.32872115e-05    1.98545073e-04
384  -3.11616657e-05    2.02984313e-04
385  -2.89908864e-05    2.07503388e-04
386  -2.67737725e-05    2.12104083e-04
387  -2.45091889e-05    2.16788238e-04
388  -2.21959653e-05    2.21557755e-04
389  -1.98328944e-05    2.26414598e-04
390  -1.74187309e-05    2.31360799e-04
391  -1.49521897e-05    2.36398454e-04
392  -1.24319445e-05    2.41529734e-04
393  -9.85662586e-06    2.46756880e-04
394  -7.22481947e-06    2.52082215e-04
395  -4.53506445e-06    2.57508136e-04
396  -1.78585121e-06    2.63037130e-04
397   1.02438055e-06    2.68671767e-04
398   3.89724405e-06    2.74414711e-04
399   6.83440771e-06    2.80268719e-04
400   9.83759763e-06    2.86236648e-04
401   1.29086001e-05    2.92321461e-04
402   1.60492642e-05    2.98526227e-04
403   1.92615050e-05    3.04854130e-04
404   2.25473060e-05    3.11308474e-04
405   2.59087230e-05    3.17892684e-04
406   2.93478869e-05    3.24610318e-04
407   3.28670073e-05    3.31465071e-04
408   3.64683768e-05    3.38460778e-04
409   4.01543742e-05    3.45601428e-04
410   4.39274693e-05    3.52891164e-04
411   4.77902271e-05    3.60334296e-04
412   5.17453127e-05    3.67935305e-04
413   5.57954961e-05    3.75698858e-04
414   5.99436579e-05    3.83629810e-04
415   6.41927943e-05    3.91733217e-04
416   6.85460239e-05    4.00014350e-04
417   7.30065937e-05    4.08478701e-04
418   7.75778859e-05    4.17131994e-04
419   8.22634252e-05    4.25980205e-04
420   8.70668865e-05    4.35029567e-04
421   9.19921033e-05    4.44286590e-04
422   9.70430764e-05    4.53758074e-04
423   1.02223983e-04    4.63451124e-04
424   1.07539187e-04    4.73373172e-04
425   1.12993250e-04    4.83531989e-04
426   1.18590943e-04    4.93935712e-04
427   1.24337256e-04    5.04592858e-04
428   1.30237415e-04    5.15512355e-04
429   1.36296895e-04    5.26703559e-04
430   1.42521433e-04    5.38176285e-04
431   1.48917047e-04    5.49940831e-04
432   1.55490051e-04    5.62008016e-04
433   1.62247076e-04    5.74389202e-04
434   1.69195090e-04    5.87096339e-04
435   1.76341417e-04    6.00141997e-04
436   1.83693766e-04    6.13539409e-04
437   1.91260250e-04    6.27302515e-04
438   1.99049419e-04    6.41446008e-04
439   2.07070286e-04    6.55985390e-04
440   2.15332363e-04    6.70937023e-04
441   2.23845691e-04    6.86318193e-04
442   2.32620884e-04    7.02147174e-04
443   2.41669165e-04    7.18443302e-04
444   2.51002412e-04    7.35227051e-04
445   2.60633212e-04    7.52520118e-04
446   2.70574907e-04    7.70345516e-04
447   2.80841658e-04    7.88727677e-04
448   2.91448505e-04    8.07692560e-04
449   3.02411440e-04    8.27267774e-04
450   3.13747481e-04    8.47482711e-04
451   3.25474761e-04    8.68368691e-04
452   3.37612612e-04    8.89959124e-04
453   3.50181677e-04    9.12289688e-04
454   3.63204016e-04    9.35398522e-04
455   3.76703231e-04    9.59326442e-04
456   3.90704610e-04    9.84117186e-04
457   4.05235270e-04    1.00981767e-03
458   4.20324335e-04    1.03647829e-03
459   4.36003123e-04    1.06415325e-03
460   4.52305353e-04    1.09290092e-03
461   4.69267387e-04    1.12278425e-03
462   4.86928488e-04    1.15387125e-03
463   5.05331123e-04    1.18623546e-03
464   5.24521288e-04    1.21995657e-03
465   5.44548893e-04    1.25512103e-03
466   5.65468180e-04    1.29182285e-03
467   5.87338208e-04    1.33016439e-03
468   6.10223398e-04    1.37025729e-03
469   6.34194159e-04    1.41222363e-03
470   6.59327601e-04    1.45619710e-03
471   6.85708350e-04    1.50232444e-03
472   7.13429486e-04    1.55076710e-03
473   7.42593632e-04    1.60170307e-03
474   7.73314205e-04    1.65532911e-03
475   8.05716877e-04    1.71186329e-03
476   8.39941275e-04    1.77154788e-03
477   8.76142975e-04    1.83465293e-03
478   9.14495847e-04    1.90148025e-03
479   9.55194824e-04    1.97236828e-03
480   9.98459198e-04    2.04769784e-03
481   1.04453654e-03    2.12789892e-03
482   1.09370742e-03    2.21345894e-03
483   1.14629109e-03    2.30493263e-03
484   1.20265238e-03    2.40295411e-03
485   1.26321015e-03    2.50825157e-03
486   1.32844768e-03    2.62166547e-03
487   1.39892553e-03    2.74417094e-03
488   1.47529763e-03    2.87690603e-03
489   1.55833158e-03    3.02120711e-03
490   1.64893448e-03    3.17865416e-03
491   1.74818609e-03    3.35112888e-03
492   1.85738199e-03    3.54089047e-03
493   1.97809030e-03    3.75067528e-03
494   2.11222734e-03    3.98382998e-03
495   2.26215996e-03    4.24449191e-03
496   2.43084609e-03    4.53783755e-03
497   2.62203161e-03    4.87043106e-03
498   2.84053126e-03    5.25072345e-03
499   3.09263913e-03    5.68978442e-03
500   3.38674377e-03    6.20240436e-03
501   3.73427806e-03    6.80880583e-03
502   4.15123719e-03    7.53739986e-03
503   4.66070474e-03    8.42942077e-03
504   5.29726459e-03    9.54714096e-03
505   6.11517186e-03    1.09894215e-02
506   7.20463089e-03    1.29237568e-02
507   8.72739629e-03    1.56601205e-02
508   1.10049299e-02    1.98479012e-02
509   1.47783564e-02    2.71041554e-02
510   2.22103950e-02    4.24483336e-02
511   4.31373722e-02    8.56233585e-02

 Average φ over all N^3 =  4.305e-17  (should be ~0)

