Enter the grid size N (N x N x N):   n   φ(n,n,n)             φ(n,0,0)
 0   2.49203284e-01    2.49203284e-01
 1   4.00525337e-02    8.25372530e-02
 2   1.91312446e-02    3.93641345e-02
 3   1.17086309e-02    2.40231429e-02
 4   7.94828416e-03    1.67713693e-02
 5   5.68737162e-03    1.25893827e-02
 6   4.18462490e-03    9.86015171e-03
 7   3.11841014e-03    7.93431832e-03
 8   2.32677479e-03    6.50194549e-03
 9   1.71929339e-03    5.39558090e-03
10   1.24147002e-03    4.51641160e-03
11   8.58464219e-04    3.80221929e-03
12   5.46924546e-04    3.21182993e-03
13   2.90581664e-04    2.71689912e-03
14   7.77275718e-05    2.29727753e-03
15  -1.00296765e-04    1.93825493e-03
16  -2.50045557e-04    1.62884902e-03
17  -3.76577767e-04    1.36070392e-03
18  -4.83862238e-04    1.12735880e-03
19  -5.75053902e-04    9.23749417e-04
20  -6.52686504e-04    7.45860228e-04
21  -7.18810048e-04    5.90476891e-04
22  -7.75090900e-04    4.55006917e-04
23  -8.22886289e-04    3.37347792e-04
24  -8.63300910e-04    2.35788730e-04
25  -8.97230832e-04    1.48936697e-04
26  -9.25398187e-04    7.56602802e-05
27  -9.48378952e-04    1.50468827e-05
28  -9.66625374e-04   -3.36299232e-05
29  -9.80484001e-04   -7.09351587e-05
30  -9.90209965e-04   -9.72909308e-05
31  -9.95977844e-04   -1.12989803e-04
32  -9.97889339e-04   -1.18203833e-04
33  -9.95977844e-04   -1.12989803e-04
34  -9.90209965e-04   -9.72909308e-05
35  -9.80484001e-04   -7.09351587e-05
36  -9.66625374e-04   -3.36299232e-05
37  -9.48378952e-04    1.50468827e-05
38  -9.25398187e-04    7.56602802e-05
39  -8.97230832e-04    1.48936697e-04
40  -8.63300910e-04    2.35788730e-04
41  -8.22886289e-04    3.37347792e-04
42  -7.75090900e-04    4.55006917e-04
43  -7.18810048e-04    5.90476891e-04
44  -6.52686504e-04    7.45860228e-04
45  -5.75053902e-04    9.23749417e-04
46  -4.83862238e-04    1.12735880e-03
47  -3.76577767e-04    1.36070392e-03
48  -2.50045557e-04    1.62884902e-03
49  -1.00296765e-04    1.93825493e-03
50   7.77275718e-05    2.29727753e-03
51   2.90581664e-04    2.71689912e-03
52   5.46924546e-04    3.21182993e-03
53   8.58464219e-04    3.80221929e-03
54   1.24147002e-03    4.51641160e-03
55   1.71929339e-03    5.39558090e-03
56   2.32677479e-03    6.50194549e-03
57   3.11841014e-03    7.93431832e-03
58   4.18462490e-03    9.86015171e-03
59   5.68737162e-03    1.25893827e-02
60   7.94828416e-03    1.67713693e-02
61   1.17086309e-02    2.40231429e-02
62   1.91312446e-02    3.93641345e-02
63   4.00525337e-02    8.25372530e-02

 Average φ over all N^3 = -1.640e-18  (should be ~0)

